15,135
15,134
15,133
15,132
15,131
15,130
15,129
15,128
15,120
15,119
15,118
15,117
15,116
27,8
2,5
2,4
27,7
27,6
27,5
27,4
0,444
27,3
27,2
27,1
27,0
26,3
26,2
26,1
26,0
15,115
25,3
25,2
25,1
25,0
15,114
24,3
24,2
24,1
24,0
15,52
15,51
15,7
23,3
23,2
23,1
23,0
15,113
22,3
22,2
22,1
22,0
15,45
15,44
15,43
15,42
15,41
15,40
15,39
15,38
15,37
15,36
15,35
15,34
15,33
15,32
15,31
15,30
15,29
15,28
15,27
15,26
15,25
15,24
15,23
15,22
15,21
15,20
15,19
15,18
15,17
15,16
15,15
15,14
15,13
15,12
15,11
15,10
15,9
15,8
15,6
15,5
15,4
15,2
15,1
15,0
14,5
14,4
14,3
14,2
14,1
14,0
13,4
13,3
13,2
13,1
13,0
12,4
12,3
12,2
15,112
12,1
12,0
11,5
11,2
11,1
11,0
10,3
10,2
15,108
17,10
11,6
11,4
10,1
10,0
11,3
4,3
4,2
4,1
15,107
4,0
17,3
3,6
3,5
3,4
3,3
3,2
15,3
3,1
3,0
2,3
2,2
2,1
2,0
1,2
1,1
1,0
0,408
0,371
0,352
0,329
0,324
0,322
0,320
0,311
0,243
0,1
0,0
1,3
0,9
0,310
0,305
0,308
0,304
0,303
0,302
0,307
0,12
0,10
0,8
0,432
0,300
0,431
0,299
0,429
0,298
0,430
0,297
0,428
0,296
0,427
0,295
0,426
0,294
0,425
0,293
0,424
0,292
0,422
0,291
0,423
0,290
0,421
0,289
0,420
0,288
0,438
0,287
0,418
0,286
0,417
0,285
0,387
0,284
0,434
0,283
0,415
0,282
0,414
0,281
0,436
0,280
0,413
0,279
0,412
0,278
0,411
0,277
0,410
0,276
0,407
0,275
0,406
0,274
15,46
15,47
15,49
15,50
15,65
15,66
15,68
15,70
15,71
15,73
15,74
15,76
15,78
15,79
15,81
15,82
15,84
15,85
15,87
15,89
15,90
15,92
15,93
15,95
15,97
15,98
15,100
15,101
15,103
15,104
15,106
15,110
15,111
17,1
17,2
17,5
17,7
17,8
17,11
18,0
18,2
18,3
19,1
19,3
19,4
20,1
20,2
20,4
21,1
21,2
21,4
21,5
21,3
21,0
20,3
20,0
19,2
19,0
18,1
17,9
17,6
17,4
17,0
15,109
15,105
15,102
15,99
15,96
15,94
15,91
15,88
15,86
15,83
15,80
15,77
15,75
15,72
15,69
15,67
15,64
15,48
0,409
0,273
0,405
0,272
0,404
0,271
0,403
0,270
0,402
0,269
0,401
0,268
0,400
0,267
0,435
0,266
0,399
0,265
0,419
0,264
0,386
0,263
0,385
0,262
0,398
0,261
0,397
0,260
0,396
0,259
0,384
0,258
0,441
0,257
0,383
0,256
0,382
0,255
0,381
0,254
0,380
0,253
0,379
0,252
0,378
0,251
0,377
0,250
0,443
0,249
0,368
0,248
0,367
0,247
0,366
0,246
0,365
0,245
0,364
0,244
0,394
0,242
0,433
0,241
0,376
0,240
0,363
0,239
0,362
0,238
0,361
0,237
0,360
0,236
0,359
0,235
0,375
0,234
0,358
0,233
0,357
0,232
0,356
0,231
0,355
0,230
0,354
0,229
0,353
0,228
0,442
0,227
0,374
0,226
0,373
0,225
0,351
0,224
0,350
0,223
0,349
0,222
0,348
0,221
0,393
0,220
0,392
0,219
0,347
0,218
0,346
0,217
0,345
0,216
0,344
0,215
0,343
0,214
0,342
0,213
0,341
0,212
0,340
0,211
0,391
0,210
0,390
0,209
0,339
0,208
0,338
0,207
0,337
0,206
0,336
0,205
0,335
0,204
0,334
0,203
0,333
0,202
0,332
0,201
0,331
0,200
0,330
0,199
0,389
0,198
0,388
0,197
0,440
0,196
0,328
0,195
0,327
0,194
0,326
0,193
0,325
0,192
0,437
0,63
0,323
0,62
0,321
0,61
0,395
0,60
0,372
0,59
0,416
0,58
0,319
0,57
0,318
0,56
0,317
0,55
0,369
0,54
0,370
0,53
0,316
0,52
0,315
0,51
0,314
0,50
0,313
0,49
0,312
0,48
0,439
0,47
0,309
0,46
0,306
0,45
0,301
0,6
0,5
0,11
0,4
0,2
0,3
0,7
